wavelength	absorbance_1	absorbance_2	absorbance_3	absorbance_4	absorbance_5	absorbance_6	absorbance_7	absorbance_8	absorbance_9	absorbance_10	absorbance_11
380.8	1.461	1.437	1.492	1.466	1.403	1.382	1.502	1.415	1.409	1.100	1.647
381.7	1.477	1.448	1.508	1.476	1.414	1.403	1.504	1.443	1.413	1.113	1.617
382.5	1.501	1.487	1.541	1.510	1.464	1.440	1.561	1.493	1.462	1.143	1.637
383.4	1.534	1.493	1.585	1.530	1.486	1.471	1.579	1.502	1.471	1.150	1.609
384.3	1.568	1.543	1.641	1.578	1.534	1.521	1.657	1.541	1.528	1.176	1.655
385.2	1.606	1.585	1.674	1.609	1.567	1.565	1.688	1.575	1.555	1.195	1.699
386.1	1.648	1.635	1.709	1.677	1.614	1.601	1.760	1.618	1.609	1.229	1.772
386.9	1.684	1.671	1.736	1.705	1.642	1.628	1.777	1.655	1.635	1.245	1.861
387.8	1.739	1.716	1.785	1.759	1.691	1.681	1.837	1.693	1.666	1.263	1.897
388.7	1.784	1.775	1.817	1.785	1.740	1.724	1.853	1.746	1.714	1.277	1.914
389.6	1.835	1.820	1.858	1.829	1.788	1.777	1.898	1.787	1.766	1.287	1.911
390.5	1.866	1.861	1.900	1.874	1.826	1.804	1.930	1.832	1.808	1.298	1.969
391.3	1.914	1.899	1.952	1.900	1.850	1.853	1.959	1.857	1.833	1.301	2.074
392.2	1.951	1.925	1.996	1.946	1.893	1.883	1.991	1.880	1.853	1.300	2.154
393.1	1.989	1.953	2.018	1.964	1.916	1.923	2.011	1.911	1.893	1.292	2.230
394.0	2.001	1.975	2.035	1.999	1.952	1.952	2.042	1.958	1.931	1.287	2.264
394.8	2.026	1.997	2.054	2.002	1.961	1.963	2.079	1.977	1.953	1.281	2.242
395.7	2.048	2.015	2.066	2.027	1.992	1.991	2.108	2.000	1.959	1.270	2.219
396.6	2.071	2.025	2.100	2.035	1.991	1.995	2.132	1.995	1.957	1.255	2.195
397.5	2.089	2.036	2.119	2.068	2.009	2.019	2.151	2.014	1.974	1.241	2.236
398.4	2.101	2.048	2.148	2.064	1.998	2.031	2.164	2.016	1.987	1.229	2.303
399.2	2.113	2.067	2.152	2.102	2.022	2.053	2.189	2.026	2.004	1.216	2.262
400.1	2.105	2.100	2.150	2.098	2.033	2.057	2.175	2.027	2.012	1.205	2.249
401.0	2.120	2.108	2.161	2.114	2.049	2.052	2.180	2.038	2.015	1.196	2.195
401.9	2.127	2.114	2.176	2.107	2.050	2.054	2.190	2.046	2.016	1.186	2.248
402.8	2.143	2.106	2.189	2.106	2.055	2.066	2.200	2.053	2.014	1.170	2.262
403.6	2.140	2.096	2.192	2.102	2.060	2.076	2.198	2.035	2.012	1.154	2.268
404.5	2.126	2.097	2.179	2.095	2.056	2.076	2.194	2.030	2.003	1.138	2.250
405.4	2.128	2.077	2.176	2.104	2.053	2.068	2.204	2.032	1.997	1.126	2.236
406.3	2.115	2.080	2.172	2.093	2.035	2.051	2.201	2.050	1.996	1.114	2.252
407.2	2.141	2.097	2.191	2.106	2.036	2.065	2.218	2.041	2.003	1.103	2.254
408.0	2.142	2.104	2.193	2.100	2.026	2.065	2.203	2.045	2.011	1.092	2.291
408.9	2.161	2.124	2.204	2.107	2.046	2.066	2.217	2.049	2.015	1.082	2.321
409.8	2.162	2.104	2.197	2.101	2.055	2.047	2.204	2.070	2.014	1.072	2.342
410.7	2.178	2.115	2.206	2.108	2.073	2.053	2.213	2.060	2.014	1.064	2.323
411.5	2.192	2.106	2.213	2.116	2.080	2.063	2.224	2.063	2.025	1.057	2.298
412.4	2.195	2.111	2.221	2.113	2.087	2.080	2.241	2.071	2.046	1.052	2.353
413.3	2.202	2.128	2.232	2.118	2.091	2.094	2.264	2.084	2.052	1.044	2.356
414.2	2.195	2.130	2.236	2.130	2.098	2.105	2.266	2.074	2.054	1.038	2.392
415.1	2.203	2.132	2.234	2.144	2.091	2.104	2.266	2.065	2.034	1.031	2.332
415.9	2.197	2.135	2.228	2.136	2.092	2.104	2.256	2.070	2.037	1.026	2.348
416.8	2.188	2.141	2.224	2.128	2.087	2.096	2.272	2.076	2.031	1.020	2.349
417.7	2.181	2.141	2.238	2.125	2.096	2.105	2.282	2.086	2.035	1.014	2.372
418.6	2.185	2.128	2.228	2.125	2.098	2.097	2.308	2.087	2.024	1.009	2.339
419.5	2.202	2.128	2.230	2.119	2.091	2.100	2.305	2.082	2.026	1.003	2.328
420.3	2.204	2.136	2.226	2.111	2.079	2.100	2.280	2.073	2.022	0.999	2.311
421.2	2.210	2.141	2.251	2.119	2.077	2.102	2.263	2.062	2.022	0.994	2.344
422.1	2.218	2.145	2.250	2.127	2.089	2.101	2.256	2.061	2.019	0.991	2.354
423.0	2.225	2.137	2.246	2.133	2.088	2.077	2.269	2.072	2.024	0.986	2.330
423.8	2.219	2.132	2.237	2.123	2.096	2.067	2.268	2.088	2.026	0.983	2.329
424.7	2.207	2.124	2.243	2.118	2.093	2.060	2.250	2.095	2.021	0.979	2.301
425.6	2.213	2.118	2.249	2.110	2.090	2.059	2.246	2.075	2.020	0.974	2.310
426.5	2.215	2.120	2.239	2.111	2.074	2.057	2.236	2.058	2.014	0.969	2.331
427.4	2.219	2.117	2.228	2.105	2.068	2.046	2.247	2.045	2.020	0.964	2.348
428.2	2.194	2.126	2.214	2.104	2.074	2.043	2.249	2.063	2.012	0.958	2.351
429.1	2.186	2.120	2.212	2.087	2.094	2.037	2.265	2.053	2.012	0.953	2.329
430.0	2.182	2.128	2.211	2.081	2.100	2.032	2.270	2.064	2.016	0.945	2.304
430.9	2.196	2.125	2.216	2.064	2.090	2.026	2.276	2.041	2.017	0.937	2.343
431.8	2.195	2.102	2.207	2.052	2.072	2.010	2.259	2.048	2.006	0.929	2.340
432.6	2.189	2.086	2.214	2.037	2.066	2.000	2.258	2.032	1.987	0.920	2.389
433.5	2.178	2.068	2.208	2.032	2.064	1.975	2.249	2.022	1.972	0.910	2.340
434.4	2.177	2.070	2.215	2.030	2.050	1.958	2.246	1.996	1.966	0.898	2.344
435.3	2.174	2.071	2.199	2.032	2.040	1.939	2.224	1.989	1.962	0.888	2.325
436.1	2.150	2.063	2.172	2.010	2.040	1.920	2.215	1.988	1.955	0.877	2.321
437.0	2.140	2.055	2.169	2.004	2.046	1.901	2.230	1.995	1.937	0.867	2.291
437.9	2.129	2.036	2.145	1.966	2.035	1.878	2.242	1.979	1.931	0.853	2.265
438.8	2.146	2.026	2.145	1.948	2.014	1.872	2.244	1.975	1.921	0.842	2.299
439.7	2.136	2.002	2.104	1.918	1.991	1.848	2.210	1.952	1.911	0.829	2.278
440.5	2.122	1.982	2.111	1.902	1.972	1.826	2.183	1.940	1.886	0.819	2.255
441.4	2.095	1.954	2.099	1.884	1.974	1.786	2.156	1.928	1.875	0.807	2.230
442.3	2.077	1.938	2.100	1.860	1.972	1.757	2.145	1.924	1.867	0.796	2.226
443.2	2.064	1.923	2.064	1.844	1.971	1.735	2.146	1.920	1.858	0.785	2.217
444.1	2.073	1.929	2.064	1.830	1.962	1.719	2.155	1.901	1.845	0.774	2.216
444.9	2.065	1.920	2.049	1.808	1.943	1.686	2.152	1.898	1.838	0.762	2.257
445.8	2.064	1.911	2.055	1.791	1.929	1.653	2.152	1.883	1.827	0.751	2.267
446.7	2.053	1.898	2.034	1.761	1.918	1.626	2.128	1.872	1.814	0.741	2.233
447.6	2.048	1.889	2.010	1.754	1.905	1.608	2.132	1.855	1.794	0.732	2.228
448.4	2.043	1.880	1.995	1.737	1.894	1.590	2.122	1.848	1.783	0.724	2.237
449.3	2.025	1.866	1.987	1.735	1.879	1.569	2.114	1.845	1.776	0.714	2.313
450.2	2.016	1.848	1.990	1.719	1.877	1.544	2.091	1.829	1.768	0.704	2.246
451.1	1.993	1.825	1.969	1.699	1.860	1.514	2.075	1.806	1.758	0.696	2.245
452.0	1.978	1.802	1.949	1.670	1.837	1.483	2.077	1.790	1.742	0.690	2.177
452.8	1.975	1.781	1.927	1.650	1.819	1.461	2.066	1.784	1.736	0.683	2.227
453.7	1.971	1.783	1.921	1.633	1.816	1.443	2.057	1.782	1.718	0.676	2.195
454.6	1.962	1.770	1.909	1.615	1.817	1.425	2.042	1.772	1.705	0.668	2.196
455.5	1.945	1.763	1.899	1.601	1.800	1.409	2.045	1.753	1.684	0.661	2.124
456.4	1.944	1.741	1.879	1.588	1.777	1.393	2.041	1.736	1.669	0.654	2.107
457.2	1.925	1.722	1.872	1.575	1.750	1.379	2.036	1.727	1.658	0.650	2.079
458.1	1.920	1.708	1.864	1.559	1.743	1.363	2.011	1.718	1.651	0.645	2.103
459.0	1.910	1.696	1.863	1.545	1.748	1.348	2.003	1.717	1.651	0.640	2.114
459.9	1.916	1.687	1.847	1.535	1.751	1.333	2.001	1.707	1.636	0.633	2.174
460.7	1.903	1.680	1.836	1.519	1.747	1.316	2.000	1.692	1.613	0.625	2.184
461.6	1.899	1.659	1.825	1.498	1.718	1.297	1.993	1.685	1.602	0.618	2.161
462.5	1.891	1.640	1.813	1.477	1.695	1.280	1.972	1.665	1.586	0.610	2.112
463.4	1.881	1.618	1.789	1.455	1.673	1.262	1.968	1.661	1.576	0.604	2.069
464.3	1.860	1.601	1.772	1.432	1.658	1.246	1.948	1.645	1.556	0.597	2.082
465.1	1.851	1.580	1.755	1.413	1.650	1.223	1.944	1.630	1.544	0.591	2.058
466.0	1.848	1.561	1.744	1.393	1.635	1.205	1.944	1.605	1.515	0.581	2.130
466.9	1.838	1.533	1.726	1.367	1.618	1.180	1.949	1.581	1.492	0.570	2.092
467.8	1.830	1.510	1.703	1.337	1.595	1.156	1.949	1.571	1.471	0.558	2.092
468.7	1.813	1.482	1.678	1.306	1.577	1.130	1.928	1.555	1.453	0.549	2.008
469.5	1.792	1.462	1.650	1.278	1.553	1.106	1.918	1.534	1.423	0.538	2.001
470.4	1.771	1.427	1.629	1.251	1.526	1.080	1.911	1.509	1.394	0.527	1.978
471.3	1.759	1.396	1.604	1.225	1.493	1.054	1.913	1.492	1.372	0.515	1.990
472.2	1.760	1.361	1.582	1.197	1.466	1.026	1.918	1.468	1.345	0.502	1.994
473.0	1.738	1.327	1.546	1.164	1.429	0.997	1.903	1.434	1.312	0.490	2.011
473.9	1.724	1.290	1.524	1.136	1.399	0.966	1.890	1.401	1.276	0.476	2.014
474.8	1.691	1.252	1.485	1.108	1.358	0.933	1.863	1.371	1.239	0.463	1.984
475.7	1.675	1.216	1.455	1.081	1.322	0.901	1.853	1.345	1.207	0.449	2.001
476.6	1.649	1.181	1.413	1.050	1.283	0.869	1.848	1.314	1.175	0.435	1.989
477.4	1.625	1.146	1.377	1.019	1.245	0.837	1.841	1.279	1.144	0.421	2.007
478.3	1.603	1.114	1.338	0.989	1.208	0.806	1.840	1.245	1.109	0.408	1.949
479.2	1.571	1.080	1.301	0.957	1.163	0.775	1.817	1.210	1.074	0.393	1.974
480.1	1.544	1.046	1.268	0.927	1.125	0.744	1.793	1.181	1.041	0.378	1.958
481.0	1.504	1.009	1.230	0.896	1.085	0.713	1.754	1.146	1.007	0.364	1.952
481.8	1.467	0.973	1.196	0.868	1.053	0.683	1.727	1.117	0.972	0.350	1.913
482.7	1.423	0.937	1.158	0.841	1.015	0.656	1.694	1.087	0.937	0.335	1.896
483.6	1.384	0.901	1.126	0.812	0.976	0.629	1.666	1.065	0.905	0.321	1.897
484.5	1.339	0.867	1.095	0.785	0.935	0.603	1.625	1.040	0.871	0.307	1.880
485.3	1.300	0.834	1.068	0.761	0.898	0.577	1.593	1.017	0.838	0.295	1.875
486.2	1.257	0.801	1.041	0.737	0.864	0.551	1.552	0.991	0.803	0.283	1.859
487.1	1.218	0.769	1.012	0.714	0.829	0.527	1.517	0.966	0.772	0.271	1.842
488.0	1.179	0.738	0.984	0.691	0.795	0.504	1.474	0.941	0.740	0.260	1.816
488.9	1.144	0.710	0.959	0.670	0.761	0.483	1.431	0.916	0.710	0.248	1.804
489.7	1.113	0.682	0.934	0.650	0.728	0.464	1.381	0.894	0.680	0.238	1.769
490.6	1.081	0.655	0.909	0.630	0.697	0.446	1.336	0.872	0.653	0.227	1.754
491.5	1.046	0.628	0.885	0.609	0.668	0.429	1.287	0.850	0.626	0.218	1.719
492.4	1.011	0.601	0.862	0.590	0.640	0.412	1.243	0.828	0.600	0.209	1.703
493.3	0.977	0.575	0.841	0.571	0.612	0.397	1.199	0.808	0.572	0.200	1.683
494.1	0.944	0.550	0.821	0.554	0.585	0.382	1.159	0.790	0.546	0.191	1.669
495.0	0.912	0.529	0.803	0.538	0.558	0.368	1.127	0.771	0.521	0.183	1.644
495.9	0.882	0.507	0.785	0.523	0.534	0.356	1.095	0.754	0.499	0.175	1.611
496.8	0.856	0.488	0.770	0.510	0.512	0.346	1.061	0.738	0.476	0.167	1.580
497.6	0.828	0.467	0.753	0.497	0.490	0.335	1.025	0.724	0.456	0.161	1.557
498.5	0.800	0.448	0.738	0.484	0.469	0.326	0.991	0.709	0.436	0.155	1.542
499.4	0.774	0.431	0.724	0.473	0.450	0.317	0.961	0.695	0.419	0.149	1.524
500.3	0.751	0.415	0.712	0.461	0.431	0.308	0.932	0.682	0.403	0.144	1.502
501.2	0.728	0.401	0.701	0.451	0.415	0.300	0.906	0.669	0.386	0.139	1.471
502.0	0.708	0.386	0.689	0.442	0.399	0.291	0.881	0.656	0.371	0.133	1.442
502.9	0.689	0.373	0.678	0.433	0.386	0.285	0.857	0.642	0.356	0.128	1.414
503.8	0.668	0.361	0.667	0.425	0.371	0.278	0.833	0.629	0.344	0.124	1.389
504.7	0.647	0.350	0.655	0.417	0.358	0.273	0.810	0.616	0.331	0.121	1.370
505.6	0.628	0.339	0.644	0.410	0.346	0.267	0.791	0.606	0.320	0.117	1.352
506.4	0.611	0.329	0.634	0.403	0.336	0.262	0.775	0.594	0.309	0.114	1.336
507.3	0.596	0.320	0.626	0.398	0.327	0.257	0.761	0.584	0.300	0.110	1.320
508.2	0.581	0.311	0.618	0.393	0.317	0.252	0.747	0.575	0.292	0.107	1.306
509.1	0.566	0.303	0.611	0.387	0.309	0.249	0.734	0.568	0.284	0.105	1.292
509.9	0.552	0.296	0.603	0.382	0.301	0.244	0.721	0.559	0.276	0.102	1.275
510.8	0.538	0.290	0.597	0.377	0.294	0.240	0.710	0.548	0.268	0.100	1.259
511.7	0.526	0.283	0.591	0.372	0.288	0.237	0.698	0.540	0.261	0.098	1.245
512.5	0.515	0.278	0.587	0.368	0.282	0.235	0.688	0.533	0.255	0.096	1.235
513.3	0.505	0.273	0.582	0.365	0.276	0.233	0.678	0.528	0.250	0.095	1.224
514.1	0.495	0.269	0.576	0.361	0.271	0.230	0.672	0.520	0.245	0.094	1.214
514.9	0.486	0.263	0.571	0.357	0.265	0.225	0.666	0.513	0.240	0.092	1.202
515.7	0.476	0.258	0.567	0.354	0.260	0.221	0.660	0.505	0.235	0.090	1.192
516.5	0.469	0.254	0.563	0.351	0.254	0.217	0.654	0.498	0.231	0.089	1.180
517.3	0.461	0.251	0.560	0.349	0.251	0.215	0.649	0.493	0.228	0.088	1.172
518.1	0.456	0.248	0.555	0.348	0.247	0.213	0.644	0.487	0.224	0.086	1.160
518.9	0.450	0.245	0.552	0.346	0.244	0.211	0.640	0.481	0.221	0.085	1.149
519.7	0.443	0.241	0.548	0.342	0.239	0.207	0.635	0.474	0.218	0.084	1.137
520.5	0.437	0.238	0.546	0.339	0.236	0.204	0.632	0.468	0.216	0.083	1.133
521.3	0.431	0.236	0.543	0.336	0.232	0.202	0.628	0.463	0.213	0.082	1.129
522.1	0.426	0.234	0.542	0.336	0.230	0.200	0.627	0.459	0.211	0.082	1.125
522.9	0.422	0.232	0.540	0.336	0.229	0.199	0.625	0.455	0.209	0.081	1.120
523.7	0.417	0.231	0.538	0.335	0.228	0.199	0.626	0.450	0.208	0.081	1.116
524.5	0.412	0.229	0.536	0.332	0.226	0.198	0.624	0.445	0.207	0.081	1.116
525.3	0.408	0.228	0.536	0.331	0.225	0.198	0.623	0.441	0.206	0.080	1.114
526.1	0.405	0.227	0.536	0.332	0.225	0.197	0.621	0.437	0.204	0.079	1.112
526.9	0.403	0.227	0.536	0.332	0.223	0.197	0.621	0.433	0.203	0.079	1.111
527.7	0.399	0.226	0.534	0.331	0.221	0.196	0.621	0.429	0.203	0.079	1.108
528.5	0.397	0.225	0.533	0.329	0.219	0.195	0.621	0.424	0.202	0.078	1.105
529.3	0.393	0.224	0.530	0.329	0.217	0.192	0.620	0.421	0.201	0.078	1.101
530.1	0.392	0.224	0.530	0.328	0.217	0.192	0.620	0.417	0.200	0.078	1.097
530.8	0.389	0.223	0.529	0.328	0.216	0.191	0.620	0.413	0.199	0.078	1.091
531.6	0.387	0.221	0.530	0.328	0.215	0.191	0.620	0.408	0.198	0.077	1.084
532.4	0.383	0.220	0.529	0.326	0.213	0.188	0.619	0.404	0.198	0.077	1.081
533.2	0.380	0.220	0.528	0.326	0.213	0.187	0.619	0.399	0.197	0.077	1.077
534.0	0.376	0.219	0.527	0.324	0.211	0.186	0.618	0.395	0.196	0.078	1.073
534.8	0.374	0.219	0.526	0.322	0.209	0.185	0.618	0.392	0.195	0.077	1.071
535.6	0.370	0.217	0.525	0.320	0.207	0.183	0.616	0.389	0.194	0.076	1.070
536.4	0.367	0.217	0.525	0.320	0.207	0.183	0.614	0.386	0.194	0.076	1.066
537.2	0.363	0.217	0.524	0.319	0.206	0.182	0.612	0.382	0.195	0.076	1.062
538.0	0.360	0.217	0.524	0.318	0.205	0.181	0.611	0.379	0.195	0.076	1.058
538.8	0.356	0.215	0.523	0.315	0.203	0.178	0.608	0.376	0.194	0.077	1.055
539.6	0.353	0.213	0.521	0.313	0.200	0.177	0.606	0.373	0.193	0.075	1.050
540.4	0.349	0.212	0.521	0.312	0.199	0.176	0.603	0.369	0.192	0.075	1.045
541.2	0.346	0.212	0.520	0.311	0.198	0.175	0.603	0.365	0.191	0.073	1.042
542.0	0.343	0.211	0.520	0.309	0.198	0.174	0.602	0.362	0.190	0.074	1.043
542.8	0.340	0.210	0.520	0.308	0.197	0.173	0.601	0.358	0.189	0.073	1.038
543.6	0.337	0.210	0.519	0.306	0.197	0.173	0.601	0.356	0.189	0.074	1.037
544.4	0.333	0.209	0.519	0.306	0.197	0.173	0.600	0.354	0.189	0.074	1.032
545.2	0.331	0.209	0.518	0.305	0.196	0.172	0.598	0.351	0.189	0.074	1.032
546.0	0.328	0.208	0.518	0.303	0.195	0.172	0.596	0.347	0.188	0.073	1.028
546.8	0.325	0.208	0.517	0.302	0.195	0.171	0.595	0.345	0.189	0.073	1.029
547.6	0.322	0.207	0.517	0.300	0.195	0.171	0.596	0.343	0.189	0.074	1.027
548.4	0.319	0.206	0.517	0.300	0.194	0.170	0.596	0.341	0.189	0.073	1.030
549.2	0.317	0.206	0.519	0.299	0.194	0.171	0.597	0.338	0.189	0.073	1.026
549.9	0.314	0.206	0.518	0.298	0.193	0.170	0.596	0.335	0.188	0.073	1.028
550.7	0.311	0.206	0.517	0.298	0.194	0.169	0.595	0.332	0.188	0.073	1.025
551.5	0.310	0.206	0.518	0.297	0.194	0.169	0.596	0.330	0.189	0.073	1.026
552.3	0.308	0.206	0.520	0.297	0.194	0.169	0.595	0.328	0.190	0.073	1.024
553.1	0.307	0.207	0.522	0.297	0.194	0.169	0.596	0.326	0.191	0.074	1.025
553.9	0.305	0.207	0.523	0.297	0.193	0.168	0.597	0.324	0.192	0.074	1.024
554.7	0.304	0.208	0.524	0.297	0.193	0.169	0.598	0.321	0.192	0.075	1.024
555.5	0.303	0.208	0.525	0.297	0.193	0.168	0.600	0.319	0.193	0.075	1.024
556.3	0.302	0.208	0.526	0.297	0.192	0.167	0.601	0.318	0.194	0.075	1.025
557.1	0.302	0.209	0.527	0.298	0.191	0.166	0.602	0.316	0.196	0.075	1.026
557.9	0.302	0.210	0.528	0.298	0.191	0.164	0.605	0.315	0.196	0.076	1.027
558.7	0.302	0.211	0.530	0.298	0.190	0.164	0.609	0.312	0.197	0.076	1.026
559.5	0.301	0.211	0.531	0.298	0.191	0.164	0.613	0.310	0.198	0.076	1.029
560.3	0.301	0.212	0.534	0.300	0.191	0.165	0.615	0.309	0.200	0.076	1.029
561.1	0.301	0.213	0.536	0.302	0.192	0.166	0.619	0.309	0.202	0.077	1.035
561.9	0.301	0.215	0.539	0.304	0.195	0.168	0.625	0.308	0.205	0.078	1.041
562.7	0.302	0.218	0.543	0.306	0.197	0.169	0.631	0.308	0.208	0.079	1.049
563.5	0.302	0.220	0.546	0.308	0.200	0.171	0.637	0.307	0.211	0.080	1.057
564.3	0.303	0.222	0.549	0.309	0.201	0.172	0.642	0.306	0.213	0.081	1.064
565.1	0.302	0.224	0.551	0.311	0.202	0.174	0.646	0.304	0.216	0.083	1.070
565.9	0.303	0.224	0.554	0.313	0.203	0.174	0.650	0.303	0.218	0.083	1.073
566.7	0.303	0.227	0.557	0.314	0.203	0.174	0.655	0.302	0.220	0.084	1.076
567.5	0.305	0.228	0.560	0.315	0.204	0.175	0.660	0.302	0.223	0.085	1.082
568.3	0.304	0.231	0.563	0.316	0.205	0.174	0.665	0.302	0.226	0.086	1.086
569.0	0.305	0.232	0.564	0.318	0.206	0.174	0.669	0.300	0.228	0.086	1.092
569.8	0.305	0.233	0.566	0.319	0.206	0.174	0.673	0.299	0.230	0.087	1.096
570.6	0.307	0.235	0.568	0.321	0.206	0.174	0.678	0.297	0.231	0.087	1.100
571.4	0.307	0.236	0.570	0.322	0.206	0.174	0.681	0.297	0.233	0.088	1.101
572.2	0.308	0.238	0.572	0.323	0.207	0.174	0.684	0.295	0.235	0.089	1.103
573.0	0.308	0.240	0.575	0.322	0.207	0.173	0.688	0.295	0.238	0.089	1.105
573.8	0.309	0.241	0.577	0.324	0.208	0.174	0.692	0.293	0.239	0.090	1.109
574.6	0.308	0.242	0.580	0.324	0.209	0.174	0.695	0.292	0.240	0.090	1.113
575.4	0.308	0.244	0.582	0.326	0.209	0.175	0.698	0.291	0.241	0.091	1.115
576.2	0.308	0.245	0.583	0.327	0.210	0.175	0.700	0.290	0.244	0.091	1.120
577.0	0.309	0.247	0.585	0.328	0.212	0.176	0.705	0.289	0.245	0.092	1.122
577.8	0.309	0.248	0.585	0.330	0.213	0.176	0.708	0.287	0.247	0.092	1.127
578.6	0.310	0.249	0.587	0.330	0.213	0.178	0.710	0.285	0.248	0.093	1.129
579.4	0.310	0.250	0.587	0.330	0.213	0.177	0.712	0.284	0.250	0.093	1.132
580.2	0.311	0.251	0.588	0.331	0.214	0.178	0.715	0.283	0.252	0.093	1.133
581.0	0.310	0.252	0.588	0.331	0.215	0.178	0.718	0.281	0.253	0.094	1.133
581.8	0.310	0.253	0.588	0.332	0.215	0.177	0.719	0.278	0.253	0.094	1.133
582.6	0.309	0.254	0.587	0.331	0.214	0.177	0.721	0.277	0.254	0.094	1.134
583.4	0.310	0.254	0.586	0.331	0.215	0.177	0.723	0.276	0.255	0.094	1.135
584.2	0.310	0.256	0.586	0.331	0.216	0.177	0.723	0.274	0.256	0.095	1.139
585.0	0.309	0.257	0.586	0.332	0.217	0.177	0.723	0.272	0.256	0.094	1.140
585.8	0.309	0.257	0.586	0.331	0.217	0.178	0.723	0.271	0.257	0.095	1.142
586.6	0.309	0.257	0.584	0.331	0.218	0.178	0.725	0.269	0.257	0.094	1.142
587.4	0.309	0.257	0.582	0.330	0.218	0.178	0.726	0.268	0.258	0.094	1.145
588.1	0.309	0.258	0.581	0.329	0.218	0.178	0.727	0.266	0.258	0.094	1.142
588.9	0.308	0.258	0.579	0.328	0.218	0.178	0.725	0.264	0.260	0.095	1.141
589.6	0.309	0.260	0.578	0.328	0.219	0.179	0.727	0.262	0.260	0.095	1.141
590.3	0.310	0.261	0.577	0.329	0.221	0.180	0.728	0.260	0.260	0.095	1.142
591.1	0.309	0.263	0.575	0.330	0.222	0.182	0.729	0.258	0.261	0.096	1.144
591.8	0.309	0.263	0.575	0.331	0.223	0.182	0.731	0.257	0.262	0.096	1.145
592.6	0.310	0.264	0.573	0.330	0.223	0.183	0.733	0.255	0.263	0.096	1.146
593.3	0.311	0.265	0.570	0.330	0.223	0.183	0.736	0.253	0.264	0.096	1.146
594.0	0.312	0.265	0.568	0.330	0.224	0.182	0.737	0.253	0.265	0.097	1.146
594.8	0.313	0.265	0.566	0.332	0.224	0.182	0.740	0.252	0.266	0.097	1.147
595.5	0.315	0.266	0.566	0.333	0.225	0.183	0.743	0.252	0.268	0.097	1.148
596.3	0.316	0.268	0.565	0.335	0.226	0.185	0.748	0.250	0.269	0.097	1.151
597.0	0.317	0.270	0.564	0.337	0.228	0.187	0.751	0.248	0.271	0.098	1.156
597.7	0.319	0.273	0.563	0.339	0.230	0.188	0.756	0.247	0.272	0.099	1.160
598.5	0.321	0.275	0.562	0.341	0.231	0.189	0.761	0.247	0.275	0.100	1.167
599.2	0.323	0.276	0.561	0.342	0.232	0.190	0.768	0.246	0.278	0.101	1.174
600.0	0.325	0.279	0.560	0.344	0.234	0.191	0.773	0.245	0.281	0.102	1.181
600.7	0.328	0.281	0.560	0.347	0.236	0.193	0.779	0.245	0.283	0.103	1.188
601.5	0.329	0.283	0.558	0.350	0.237	0.194	0.785	0.245	0.287	0.104	1.195
602.2	0.332	0.285	0.558	0.354	0.239	0.195	0.792	0.246	0.290	0.105	1.206
602.9	0.334	0.288	0.557	0.357	0.240	0.197	0.800	0.246	0.294	0.106	1.215
603.7	0.336	0.290	0.558	0.360	0.241	0.198	0.806	0.246	0.297	0.107	1.226
604.4	0.338	0.293	0.558	0.362	0.241	0.199	0.813	0.246	0.300	0.109	1.233
605.2	0.340	0.295	0.557	0.365	0.242	0.200	0.818	0.246	0.304	0.110	1.240
605.9	0.344	0.298	0.557	0.368	0.243	0.201	0.827	0.246	0.307	0.111	1.246
606.6	0.347	0.301	0.556	0.371	0.245	0.202	0.834	0.247	0.310	0.113	1.255
607.4	0.349	0.304	0.556	0.374	0.246	0.203	0.843	0.246	0.313	0.114	1.263
608.1	0.351	0.306	0.555	0.377	0.248	0.204	0.848	0.247	0.316	0.115	1.273
608.9	0.353	0.308	0.554	0.380	0.248	0.204	0.855	0.246	0.319	0.115	1.282
609.6	0.354	0.310	0.551	0.381	0.248	0.204	0.859	0.247	0.322	0.117	1.287
610.3	0.356	0.311	0.551	0.383	0.249	0.205	0.865	0.247	0.325	0.118	1.291
611.1	0.357	0.314	0.549	0.385	0.250	0.206	0.869	0.247	0.327	0.119	1.292
611.8	0.359	0.316	0.549	0.387	0.251	0.208	0.874	0.246	0.329	0.118	1.297
612.6	0.359	0.317	0.547	0.389	0.252	0.208	0.877	0.245	0.331	0.118	1.303
613.3	0.359	0.319	0.546	0.391	0.253	0.209	0.881	0.244	0.332	0.119	1.309
614.0	0.360	0.319	0.544	0.392	0.255	0.210	0.884	0.244	0.333	0.120	1.312
614.8	0.361	0.321	0.543	0.392	0.257	0.212	0.887	0.244	0.334	0.121	1.315
615.5	0.361	0.323	0.542	0.393	0.258	0.213	0.889	0.243	0.336	0.121	1.318
616.3	0.360	0.324	0.540	0.393	0.259	0.214	0.890	0.243	0.337	0.121	1.325
617.0	0.360	0.325	0.537	0.394	0.259	0.214	0.891	0.242	0.338	0.121	1.329
617.7	0.359	0.326	0.535	0.394	0.260	0.215	0.892	0.241	0.339	0.122	1.329
618.5	0.358	0.326	0.532	0.393	0.260	0.214	0.892	0.240	0.339	0.121	1.326
619.2	0.357	0.325	0.529	0.391	0.259	0.213	0.889	0.239	0.339	0.121	1.323
620.0	0.356	0.324	0.524	0.389	0.257	0.212	0.886	0.238	0.338	0.121	1.321
620.7	0.355	0.322	0.520	0.387	0.255	0.210	0.882	0.237	0.337	0.120	1.315
621.4	0.354	0.321	0.517	0.386	0.254	0.208	0.880	0.235	0.336	0.121	1.308
622.2	0.353	0.321	0.513	0.384	0.254	0.206	0.876	0.234	0.335	0.120	1.304
622.9	0.352	0.320	0.510	0.383	0.253	0.206	0.874	0.234	0.333	0.119	1.303
623.7	0.351	0.320	0.506	0.380	0.253	0.206	0.871	0.233	0.332	0.119	1.299
624.4	0.349	0.320	0.502	0.379	0.253	0.206	0.867	0.232	0.331	0.118	1.296
625.2	0.348	0.319	0.499	0.377	0.253	0.206	0.863	0.230	0.330	0.118	1.291
625.9	0.347	0.318	0.497	0.375	0.254	0.205	0.860	0.229	0.330	0.117	1.292
626.6	0.345	0.317	0.494	0.373	0.253	0.204	0.858	0.227	0.329	0.116	1.290
627.4	0.345	0.317	0.491	0.371	0.253	0.203	0.856	0.226	0.329	0.116	1.289
628.1	0.345	0.317	0.487	0.369	0.253	0.202	0.855	0.225	0.329	0.116	1.287
628.9	0.345	0.317	0.484	0.368	0.253	0.200	0.854	0.224	0.329	0.116	1.284
629.6	0.347	0.317	0.482	0.367	0.255	0.199	0.855	0.224	0.330	0.117	1.281
630.3	0.348	0.318	0.480	0.367	0.255	0.199	0.858	0.223	0.332	0.117	1.278
631.1	0.351	0.320	0.479	0.368	0.257	0.199	0.863	0.223	0.334	0.118	1.279
631.8	0.354	0.322	0.479	0.368	0.260	0.199	0.870	0.223	0.336	0.119	1.280
632.6	0.359	0.325	0.479	0.370	0.263	0.200	0.881	0.223	0.339	0.119	1.281
633.3	0.365	0.329	0.480	0.373	0.267	0.200	0.894	0.223	0.344	0.120	1.283
634.0	0.371	0.333	0.482	0.377	0.272	0.201	0.909	0.225	0.349	0.121	1.290
634.8	0.378	0.338	0.485	0.382	0.278	0.203	0.925	0.227	0.355	0.124	1.302
635.5	0.386	0.344	0.489	0.388	0.283	0.206	0.943	0.229	0.362	0.126	1.315
636.3	0.394	0.351	0.493	0.394	0.290	0.208	0.962	0.231	0.370	0.129	1.329
637.0	0.405	0.359	0.497	0.401	0.296	0.211	0.981	0.234	0.379	0.131	1.340
637.7	0.416	0.367	0.502	0.408	0.302	0.213	1.004	0.237	0.389	0.135	1.353
638.5	0.428	0.376	0.508	0.417	0.310	0.216	1.029	0.240	0.399	0.138	1.369
639.2	0.442	0.386	0.516	0.426	0.318	0.218	1.057	0.243	0.411	0.142	1.389
640.0	0.457	0.397	0.524	0.437	0.327	0.222	1.087	0.248	0.424	0.146	1.410
640.7	0.472	0.408	0.531	0.448	0.336	0.226	1.117	0.253	0.438	0.150	1.434
641.4	0.487	0.420	0.540	0.460	0.346	0.231	1.151	0.259	0.452	0.155	1.464
642.2	0.503	0.433	0.551	0.474	0.356	0.236	1.180	0.264	0.467	0.160	1.502
642.9	0.519	0.447	0.561	0.489	0.366	0.243	1.215	0.270	0.482	0.166	1.540
643.7	0.537	0.460	0.573	0.503	0.376	0.248	1.248	0.276	0.499	0.171	1.578
644.4	0.554	0.475	0.585	0.519	0.387	0.255	1.284	0.281	0.515	0.177	1.609
645.1	0.572	0.488	0.598	0.534	0.397	0.261	1.315	0.287	0.531	0.182	1.637
645.9	0.589	0.503	0.610	0.550	0.406	0.267	1.344	0.293	0.548	0.188	1.673
646.6	0.607	0.517	0.624	0.567	0.416	0.273	1.375	0.300	0.566	0.194	1.713
647.4	0.626	0.533	0.639	0.587	0.426	0.280	1.406	0.308	0.584	0.201	1.755
648.1	0.646	0.549	0.654	0.607	0.437	0.288	1.439	0.315	0.602	0.208	1.788
648.8	0.666	0.566	0.669	0.627	0.447	0.296	1.472	0.323	0.621	0.216	1.822
649.6	0.685	0.583	0.685	0.648	0.458	0.306	1.506	0.331	0.641	0.224	1.849
650.3	0.705	0.600	0.703	0.671	0.469	0.315	1.542	0.340	0.661	0.232	1.881
651.1	0.726	0.618	0.722	0.694	0.480	0.326	1.574	0.349	0.682	0.240	1.918
651.8	0.746	0.636	0.742	0.718	0.490	0.337	1.605	0.359	0.704	0.249	1.948
652.6	0.769	0.655	0.762	0.744	0.502	0.348	1.636	0.369	0.728	0.258	1.978
653.3	0.793	0.675	0.782	0.772	0.514	0.360	1.670	0.379	0.752	0.268	1.981
654.0	0.816	0.694	0.803	0.800	0.527	0.373	1.699	0.389	0.776	0.278	2.010
654.8	0.840	0.714	0.826	0.828	0.539	0.385	1.722	0.399	0.801	0.288	2.022
655.5	0.863	0.736	0.848	0.857	0.551	0.399	1.749	0.410	0.826	0.298	2.045
656.3	0.887	0.756	0.869	0.884	0.562	0.411	1.774	0.421	0.853	0.308	2.061
657.0	0.909	0.777	0.891	0.912	0.574	0.425	1.798	0.431	0.877	0.317	2.072
657.7	0.928	0.796	0.910	0.936	0.585	0.437	1.806	0.441	0.898	0.326	2.080
658.5	0.946	0.817	0.931	0.960	0.596	0.450	1.816	0.449	0.916	0.334	2.076
659.2	0.962	0.835	0.947	0.980	0.606	0.462	1.828	0.457	0.932	0.341	2.070
660.0	0.976	0.850	0.962	0.999	0.614	0.473	1.838	0.464	0.946	0.348	2.072
660.7	0.986	0.861	0.973	1.013	0.620	0.482	1.839	0.469	0.955	0.353	2.084
661.4	0.992	0.871	0.983	1.023	0.625	0.490	1.820	0.472	0.961	0.356	2.093
662.2	0.994	0.877	0.989	1.029	0.628	0.496	1.804	0.474	0.964	0.358	2.094
662.9	0.993	0.880	0.991	1.032	0.628	0.502	1.788	0.475	0.963	0.359	2.076
663.7	0.988	0.879	0.991	1.033	0.627	0.504	1.777	0.473	0.956	0.357	2.062
664.4	0.978	0.874	0.986	1.028	0.622	0.505	1.751	0.469	0.945	0.355	2.044
665.1	0.963	0.864	0.978	1.017	0.614	0.503	1.722	0.463	0.929	0.350	2.039
665.9	0.944	0.850	0.964	0.999	0.604	0.499	1.682	0.455	0.911	0.343	2.027
666.6	0.921	0.834	0.947	0.977	0.593	0.494	1.639	0.446	0.888	0.334	2.008
667.4	0.892	0.812	0.927	0.954	0.578	0.486	1.590	0.434	0.859	0.325	1.985
668.1	0.860	0.787	0.904	0.927	0.561	0.477	1.538	0.421	0.826	0.314	1.963
668.9	0.825	0.760	0.877	0.895	0.543	0.466	1.485	0.407	0.792	0.301	1.935
669.6	0.787	0.730	0.845	0.858	0.523	0.453	1.430	0.392	0.756	0.288	1.901
670.3	0.747	0.697	0.811	0.819	0.502	0.437	1.371	0.375	0.718	0.275	1.852
671.1	0.704	0.662	0.776	0.778	0.480	0.420	1.309	0.358	0.678	0.260	1.801
671.8	0.662	0.627	0.740	0.736	0.457	0.402	1.242	0.340	0.638	0.245	1.740
672.6	0.620	0.593	0.703	0.695	0.434	0.385	1.177	0.323	0.599	0.230	1.678
673.3	0.580	0.559	0.669	0.655	0.411	0.368	1.114	0.306	0.560	0.216	1.615
674.1	0.541	0.526	0.634	0.616	0.389	0.350	1.051	0.289	0.524	0.202	1.550
674.8	0.504	0.493	0.602	0.577	0.367	0.333	0.988	0.273	0.488	0.188	1.489
675.5	0.467	0.462	0.569	0.539	0.346	0.315	0.925	0.257	0.454	0.175	1.426
676.3	0.433	0.431	0.538	0.503	0.326	0.299	0.863	0.242	0.422	0.163	1.367
677.0	0.399	0.401	0.508	0.468	0.307	0.283	0.801	0.228	0.391	0.151	1.307
677.8	0.367	0.372	0.480	0.435	0.288	0.267	0.741	0.215	0.363	0.140	1.252
678.5	0.336	0.345	0.452	0.403	0.269	0.251	0.684	0.201	0.335	0.130	1.194
679.3	0.309	0.321	0.425	0.374	0.252	0.237	0.631	0.189	0.309	0.120	1.140
680.0	0.283	0.297	0.401	0.347	0.235	0.223	0.580	0.177	0.285	0.110	1.084
680.7	0.258	0.274	0.378	0.321	0.220	0.210	0.533	0.167	0.263	0.102	1.034
681.5	0.236	0.254	0.357	0.297	0.206	0.198	0.489	0.157	0.243	0.094	0.984
682.2	0.215	0.235	0.337	0.274	0.193	0.186	0.449	0.148	0.225	0.087	0.938
683.0	0.197	0.217	0.319	0.254	0.182	0.175	0.413	0.139	0.207	0.081	0.892
683.7	0.180	0.201	0.301	0.236	0.170	0.165	0.380	0.132	0.191	0.075	0.851
684.5	0.165	0.187	0.287	0.219	0.160	0.156	0.350	0.125	0.176	0.070	0.810
685.2	0.152	0.174	0.272	0.204	0.151	0.148	0.321	0.119	0.164	0.065	0.774
685.9	0.139	0.162	0.259	0.190	0.142	0.140	0.296	0.114	0.152	0.061	0.741
686.7	0.127	0.151	0.248	0.178	0.134	0.133	0.272	0.108	0.142	0.057	0.712
687.4	0.117	0.141	0.237	0.166	0.128	0.126	0.251	0.103	0.132	0.053	0.684
688.2	0.107	0.132	0.227	0.156	0.121	0.120	0.231	0.099	0.124	0.050	0.659
688.9	0.099	0.124	0.217	0.147	0.116	0.115	0.214	0.095	0.116	0.047	0.636
689.7	0.092	0.117	0.210	0.139	0.110	0.110	0.198	0.092	0.109	0.045	0.617
690.4	0.084	0.110	0.202	0.131	0.105	0.106	0.184	0.088	0.103	0.041	0.599
691.1	0.078	0.104	0.196	0.125	0.101	0.103	0.171	0.085	0.098	0.039	0.584
691.9	0.072	0.099	0.189	0.118	0.098	0.100	0.160	0.083	0.093	0.038	0.569
692.6	0.068	0.094	0.184	0.114	0.095	0.097	0.151	0.081	0.089	0.037	0.556
693.4	0.064	0.091	0.181	0.109	0.093	0.095	0.143	0.078	0.085	0.035	0.545
694.1	0.060	0.088	0.177	0.106	0.091	0.094	0.135	0.076	0.081	0.033	0.535
694.9	0.058	0.086	0.174	0.103	0.089	0.093	0.129	0.075	0.078	0.033	0.525
695.6	0.054	0.082	0.170	0.099	0.087	0.091	0.122	0.074	0.076	0.032	0.517
696.3	0.052	0.080	0.166	0.097	0.086	0.089	0.117	0.072	0.074	0.031	0.509
697.1	0.049	0.077	0.163	0.094	0.084	0.087	0.111	0.071	0.072	0.030	0.502
697.8	0.047	0.075	0.160	0.092	0.083	0.087	0.108	0.069	0.069	0.029	0.494
698.6	0.045	0.073	0.157	0.089	0.082	0.086	0.103	0.069	0.068	0.028	0.488
699.3	0.043	0.072	0.155	0.088	0.082	0.085	0.100	0.067	0.066	0.028	0.483
700.1	0.042	0.070	0.153	0.086	0.081	0.085	0.097	0.066	0.065	0.027	0.478
700.8	0.041	0.069	0.152	0.085	0.080	0.084	0.094	0.066	0.064	0.027	0.474
701.5	0.040	0.068	0.150	0.084	0.079	0.083	0.091	0.065	0.062	0.026	0.469
702.3	0.039	0.067	0.148	0.083	0.078	0.082	0.088	0.064	0.061	0.026	0.465
703.0	0.037	0.065	0.146	0.081	0.077	0.081	0.086	0.063	0.060	0.025	0.462
703.8	0.036	0.064	0.144	0.081	0.076	0.081	0.083	0.063	0.059	0.025	0.458
704.5	0.035	0.063	0.143	0.080	0.075	0.080	0.082	0.062	0.058	0.024	0.455
705.3	0.035	0.063	0.141	0.079	0.074	0.080	0.079	0.061	0.057	0.025	0.452
706.0	0.034	0.062	0.139	0.078	0.074	0.079	0.077	0.061	0.056	0.025	0.450
706.8	0.033	0.061	0.137	0.077	0.073	0.078	0.075	0.060	0.055	0.024	0.448
707.5	0.032	0.061	0.135	0.076	0.072	0.078	0.073	0.060	0.055	0.024	0.446
708.3	0.032	0.061	0.134	0.074	0.071	0.076	0.071	0.060	0.054	0.024	0.443
709.1	0.031	0.060	0.133	0.074	0.070	0.075	0.069	0.059	0.054	0.024	0.440
709.9	0.030	0.059	0.132	0.074	0.069	0.075	0.068	0.058	0.054	0.023	0.437
710.6	0.030	0.058	0.131	0.074	0.069	0.075	0.066	0.058	0.054	0.023	0.435
711.4	0.029	0.058	0.129	0.073	0.068	0.075	0.065	0.058	0.054	0.024	0.434
712.2	0.028	0.057	0.127	0.072	0.068	0.074	0.064	0.058	0.054	0.024	0.433
713.0	0.028	0.057	0.126	0.071	0.067	0.073	0.063	0.058	0.054	0.024	0.432
713.8	0.028	0.057	0.124	0.070	0.067	0.073	0.061	0.058	0.053	0.023	0.432
714.5	0.028	0.056	0.123	0.070	0.067	0.073	0.060	0.058	0.052	0.023	0.431
715.3	0.027	0.056	0.123	0.071	0.067	0.073	0.060	0.057	0.052	0.023	0.430
716.1	0.026	0.056	0.121	0.070	0.066	0.073	0.059	0.056	0.052	0.023	0.429
716.9	0.026	0.055	0.120	0.069	0.066	0.073	0.058	0.056	0.052	0.024	0.428
717.7	0.025	0.055	0.119	0.069	0.066	0.073	0.057	0.055	0.051	0.023	0.426
718.4	0.025	0.055	0.118	0.069	0.065	0.073	0.057	0.055	0.051	0.023	0.425
719.2	0.025	0.055	0.117	0.069	0.065	0.072	0.056	0.055	0.051	0.023	0.424
720.0	0.024	0.054	0.115	0.068	0.065	0.072	0.054	0.055	0.050	0.023	0.424
720.8	0.023	0.054	0.115	0.067	0.065	0.071	0.054	0.054	0.050	0.023	0.423
721.5	0.023	0.054	0.114	0.067	0.065	0.071	0.053	0.054	0.049	0.023	0.422
722.3	0.023	0.053	0.113	0.067	0.064	0.071	0.053	0.053	0.049	0.023	0.420
723.1	0.023	0.053	0.112	0.066	0.064	0.072	0.052	0.053	0.049	0.023	0.418
723.9	0.023	0.053	0.111	0.067	0.064	0.072	0.052	0.053	0.049	0.023	0.417
724.7	0.023	0.053	0.110	0.066	0.064	0.072	0.052	0.053	0.049	0.022	0.416
725.4	0.023	0.053	0.110	0.067	0.064	0.072	0.051	0.052	0.049	0.023	0.416
726.2	0.023	0.053	0.109	0.067	0.064	0.072	0.051	0.053	0.049	0.023	0.417
727.0	0.022	0.053	0.108	0.066	0.063	0.071	0.049	0.053	0.050	0.024	0.416
727.8	0.022	0.053	0.107	0.066	0.062	0.071	0.049	0.053	0.050	0.024	0.415
728.6	0.022	0.053	0.105	0.065	0.061	0.070	0.047	0.053	0.050	0.023	0.413
729.3	0.021	0.052	0.103	0.065	0.060	0.069	0.047	0.052	0.049	0.023	0.411
730.1	0.021	0.052	0.102	0.065	0.059	0.068	0.046	0.052	0.048	0.023	0.408
730.9	0.021	0.051	0.101	0.064	0.059	0.067	0.045	0.051	0.048	0.023	0.406
731.7	0.020	0.051	0.100	0.063	0.058	0.066	0.044	0.051	0.048	0.022	0.404
732.5	0.020	0.050	0.099	0.063	0.057	0.065	0.043	0.051	0.047	0.023	0.403
733.2	0.020	0.050	0.098	0.062	0.056	0.065	0.042	0.051	0.047	0.022	0.401
734.0	0.020	0.050	0.097	0.062	0.056	0.064	0.042	0.050	0.047	0.022	0.400
734.8	0.020	0.051	0.096	0.061	0.056	0.064	0.041	0.050	0.047	0.022	0.401
735.6	0.019	0.050	0.095	0.061	0.055	0.063	0.039	0.050	0.047	0.023	0.402
736.3	0.019	0.049	0.093	0.059	0.054	0.063	0.038	0.049	0.047	0.023	0.402
737.1	0.019	0.048	0.092	0.060	0.054	0.063	0.037	0.049	0.048	0.023	0.402
737.9	0.019	0.049	0.092	0.060	0.054	0.063	0.037	0.049	0.048	0.023	0.402
738.7	0.019	0.049	0.091	0.060	0.054	0.063	0.037	0.049	0.048	0.024	0.402
739.5	0.019	0.049	0.091	0.060	0.054	0.063	0.037	0.049	0.047	0.023	0.401
740.2	0.017	0.049	0.090	0.059	0.054	0.062	0.036	0.049	0.047	0.023	0.401
741.0	0.017	0.048	0.089	0.058	0.054	0.062	0.035	0.049	0.047	0.023	0.401
741.8	0.016	0.048	0.089	0.058	0.054	0.062	0.035	0.048	0.047	0.022	0.401
742.6	0.017	0.048	0.088	0.058	0.053	0.062	0.035	0.048	0.047	0.022	0.400
743.4	0.017	0.048	0.088	0.058	0.054	0.063	0.035	0.048	0.047	0.022	0.401
744.1	0.018	0.049	0.087	0.059	0.054	0.064	0.035	0.048	0.047	0.022	0.400
744.9	0.017	0.049	0.087	0.059	0.055	0.064	0.036	0.048	0.046	0.022	0.400
745.7	0.017	0.048	0.086	0.059	0.055	0.064	0.036	0.048	0.046	0.022	0.399
746.5	0.017	0.048	0.086	0.059	0.055	0.064	0.036	0.048	0.046	0.022	0.399
747.2	0.017	0.048	0.085	0.059	0.055	0.064	0.036	0.047	0.045	0.022	0.398
748.0	0.017	0.048	0.084	0.059	0.056	0.065	0.036	0.047	0.046	0.022	0.399
748.8	0.017	0.049	0.084	0.059	0.057	0.066	0.036	0.047	0.046	0.022	0.398
749.6	0.017	0.049	0.084	0.059	0.057	0.066	0.036	0.047	0.047	0.022	0.399
750.4	0.017	0.048	0.084	0.059	0.057	0.066	0.036	0.047	0.046	0.022	0.397
751.1	0.016	0.048	0.083	0.059	0.057	0.067	0.036	0.046	0.046	0.022	0.396
751.9	0.016	0.047	0.082	0.059	0.056	0.066	0.036	0.046	0.046	0.021	0.395
752.7	0.016	0.047	0.082	0.059	0.057	0.066	0.036	0.046	0.046	0.022	0.393
753.5	0.016	0.047	0.082	0.059	0.057	0.067	0.035	0.046	0.046	0.021	0.393
754.3	0.016	0.047	0.082	0.059	0.057	0.067	0.036	0.046	0.046	0.021	0.393
755.0	0.016	0.048	0.081	0.059	0.057	0.066	0.036	0.046	0.046	0.021	0.394
755.8	0.016	0.048	0.081	0.059	0.057	0.066	0.036	0.046	0.045	0.021	0.393
756.6	0.016	0.048	0.081	0.059	0.058	0.066	0.036	0.046	0.045	0.021	0.392
757.4	0.016	0.048	0.080	0.059	0.058	0.066	0.037	0.046	0.044	0.021	0.390
758.2	0.016	0.048	0.079	0.059	0.058	0.066	0.036	0.046	0.044	0.021	0.388
758.9	0.016	0.047	0.078	0.058	0.058	0.066	0.036	0.045	0.044	0.020	0.386
759.7	0.015	0.047	0.078	0.059	0.058	0.066	0.036	0.044	0.044	0.020	0.384
760.5	0.015	0.046	0.077	0.059	0.057	0.065	0.035	0.044	0.044	0.020	0.383
761.3	0.015	0.046	0.078	0.059	0.058	0.066	0.036	0.044	0.044	0.021	0.382
762.0	0.015	0.046	0.077	0.059	0.058	0.066	0.036	0.044	0.044	0.021	0.383
762.8	0.015	0.046	0.077	0.059	0.058	0.066	0.036	0.044	0.045	0.021	0.383
763.6	0.015	0.046	0.076	0.058	0.059	0.067	0.036	0.044	0.045	0.022	0.384
764.4	0.015	0.047	0.077	0.059	0.059	0.067	0.036	0.044	0.045	0.021	0.384
765.2	0.015	0.047	0.076	0.059	0.059	0.068	0.036	0.044	0.046	0.021	0.384
765.9	0.015	0.047	0.076	0.059	0.059	0.068	0.037	0.044	0.045	0.022	0.384
766.7	0.015	0.046	0.075	0.058	0.059	0.068	0.036	0.043	0.045	0.021	0.382
767.5	0.015	0.047	0.075	0.059	0.059	0.068	0.036	0.043	0.044	0.020	0.380
768.3	0.015	0.046	0.074	0.059	0.058	0.067	0.035	0.042	0.044	0.020	0.378
769.1	0.015	0.047	0.074	0.059	0.058	0.067	0.036	0.042	0.044	0.020	0.377
769.8	0.014	0.046	0.074	0.059	0.058	0.067	0.036	0.043	0.043	0.020	0.376
770.6	0.014	0.046	0.074	0.059	0.058	0.067	0.036	0.042	0.043	0.020	0.375
771.4	0.014	0.045	0.073	0.059	0.058	0.067	0.036	0.042	0.042	0.020	0.375
772.2	0.014	0.045	0.073	0.059	0.058	0.067	0.036	0.041	0.042	0.019	0.374
772.9	0.014	0.045	0.072	0.059	0.059	0.067	0.036	0.041	0.041	0.019	0.374
773.7	0.014	0.046	0.072	0.058	0.059	0.066	0.035	0.041	0.041	0.018	0.373
774.5	0.014	0.046	0.072	0.059	0.059	0.067	0.035	0.041	0.042	0.019	0.374
775.3	0.014	0.046	0.072	0.059	0.059	0.067	0.035	0.041	0.042	0.019	0.376
776.1	0.014	0.046	0.072	0.059	0.059	0.068	0.036	0.042	0.043	0.020	0.377
776.8	0.014	0.046	0.072	0.059	0.059	0.068	0.036	0.042	0.042	0.020	0.377
777.6	0.014	0.046	0.072	0.059	0.059	0.068	0.036	0.042	0.043	0.020	0.377
778.4	0.013	0.046	0.070	0.058	0.058	0.067	0.035	0.041	0.043	0.021	0.377
779.2	0.012	0.045	0.070	0.058	0.058	0.067	0.034	0.041	0.043	0.020	0.378
780.0	0.012	0.044	0.069	0.057	0.057	0.066	0.033	0.041	0.043	0.020	0.378
780.7	0.012	0.044	0.068	0.057	0.057	0.066	0.032	0.041	0.043	0.020	0.377
781.5	0.013	0.044	0.068	0.057	0.057	0.066	0.032	0.041	0.043	0.020	0.376
782.3	0.013	0.045	0.068	0.057	0.057	0.066	0.032	0.042	0.044	0.021	0.377
783.1	0.013	0.045	0.067	0.057	0.057	0.066	0.032	0.041	0.044	0.021	0.377
783.9	0.013	0.045	0.068	0.057	0.057	0.066	0.033	0.041	0.044	0.021	0.376
784.6	0.012	0.045	0.067	0.057	0.057	0.066	0.033	0.040	0.042	0.020	0.374
785.4	0.013	0.045	0.068	0.057	0.057	0.066	0.033	0.040	0.042	0.019	0.374
786.2	0.013	0.045	0.068	0.057	0.058	0.067	0.033	0.040	0.042	0.019	0.373
787.0	0.013	0.046	0.069	0.057	0.058	0.068	0.033	0.041	0.042	0.020	0.373
787.7	0.013	0.046	0.068	0.057	0.058	0.067	0.033	0.040	0.042	0.020	0.373
788.5	0.013	0.046	0.068	0.057	0.059	0.067	0.033	0.040	0.043	0.020	0.374
789.3	0.013	0.046	0.068	0.058	0.059	0.068	0.034	0.040	0.043	0.020	0.374
790.1	0.013	0.046	0.068	0.058	0.060	0.069	0.035	0.040	0.043	0.020	0.375
790.9	0.013	0.046	0.068	0.058	0.060	0.069	0.035	0.040	0.043	0.020	0.374
791.6	0.013	0.045	0.068	0.058	0.059	0.069	0.035	0.039	0.043	0.020	0.373
792.4	0.013	0.045	0.067	0.057	0.058	0.068	0.034	0.040	0.043	0.021	0.371
793.2	0.013	0.044	0.066	0.056	0.059	0.068	0.034	0.039	0.042	0.020	0.368
794.0	0.013	0.045	0.066	0.056	0.059	0.068	0.034	0.039	0.042	0.020	0.368
794.8	0.012	0.045	0.065	0.056	0.058	0.067	0.034	0.039	0.042	0.021	0.367
795.5	0.012	0.045	0.064	0.056	0.057	0.067	0.033	0.040	0.042	0.021	0.367
796.3	0.011	0.044	0.063	0.056	0.056	0.066	0.032	0.040	0.043	0.021	0.366
797.1	0.011	0.044	0.063	0.056	0.056	0.065	0.032	0.039	0.042	0.021	0.365
797.9	0.012	0.044	0.063	0.056	0.055	0.064	0.031	0.039	0.042	0.021	0.364
798.6	0.012	0.044	0.063	0.055	0.054	0.064	0.030	0.038	0.042	0.020	0.363
799.4	0.012	0.045	0.063	0.054	0.054	0.063	0.030	0.039	0.042	0.021	0.362
800.2	0.011	0.044	0.062	0.054	0.053	0.063	0.029	0.039	0.043	0.022	0.360
801.0	0.012	0.044	0.061	0.053	0.052	0.062	0.030	0.038	0.043	0.022	0.358
801.8	0.012	0.043	0.060	0.053	0.051	0.060	0.029	0.038	0.042	0.022	0.356
802.5	0.012	0.043	0.060	0.052	0.051	0.059	0.028	0.037	0.041	0.021	0.354
803.3	0.012	0.042	0.059	0.052	0.050	0.058	0.027	0.038	0.041	0.021	0.354
804.1	0.012	0.043	0.059	0.052	0.050	0.059	0.026	0.038	0.041	0.021	0.354
804.9	0.011	0.042	0.058	0.051	0.049	0.058	0.025	0.038	0.041	0.021	0.355
805.7	0.010	0.042	0.057	0.050	0.048	0.057	0.024	0.038	0.042	0.021	0.355
806.4	0.010	0.042	0.057	0.049	0.048	0.057	0.024	0.037	0.041	0.021	0.356
807.2	0.010	0.041	0.057	0.049	0.048	0.057	0.023	0.037	0.042	0.021	0.357
808.0	0.011	0.042	0.057	0.049	0.048	0.058	0.024	0.036	0.041	0.021	0.358
808.8	0.011	0.043	0.057	0.050	0.048	0.058	0.025	0.036	0.041	0.021	0.359
809.6	0.010	0.043	0.057	0.050	0.048	0.058	0.024	0.037	0.041	0.021	0.360
810.3	0.010	0.042	0.056	0.049	0.048	0.059	0.024	0.037	0.042	0.021	0.362
811.1	0.009	0.042	0.055	0.049	0.047	0.058	0.022	0.038	0.042	0.021	0.364
811.9	0.010	0.042	0.056	0.049	0.048	0.058	0.022	0.038	0.043	0.022	0.366
812.7	0.010	0.043	0.056	0.049	0.048	0.059	0.022	0.038	0.043	0.022	0.367
813.4	0.010	0.043	0.056	0.049	0.049	0.059	0.022	0.038	0.044	0.022	0.368
814.2	0.010	0.042	0.055	0.048	0.047	0.058	0.022	0.038	0.043	0.021	0.367
815.0	0.009	0.042	0.055	0.047	0.047	0.058	0.022	0.038	0.043	0.022	0.367
815.8	0.009	0.043	0.055	0.048	0.048	0.059	0.023	0.038	0.044	0.022	0.365
816.6	0.010	0.043	0.055	0.047	0.048	0.059	0.023	0.037	0.043	0.022	0.364
817.3	0.010	0.043	0.055	0.047	0.048	0.059	0.022	0.037	0.043	0.022	0.364
818.1	0.010	0.042	0.054	0.047	0.048	0.058	0.022	0.037	0.042	0.022	0.363
818.9	0.011	0.042	0.054	0.047	0.048	0.059	0.022	0.037	0.043	0.022	0.364
819.7	0.010	0.043	0.055	0.047	0.048	0.059	0.022	0.037	0.043	0.021	0.363
820.5	0.010	0.042	0.054	0.047	0.048	0.058	0.022	0.037	0.043	0.021	0.362
821.2	0.010	0.043	0.054	0.047	0.048	0.059	0.023	0.037	0.043	0.021	0.361
822.0	0.010	0.043	0.054	0.047	0.048	0.058	0.023	0.037	0.043	0.021	0.359
822.8	0.010	0.043	0.054	0.046	0.048	0.059	0.023	0.037	0.043	0.021	0.357
823.6	0.010	0.042	0.053	0.046	0.048	0.058	0.023	0.036	0.042	0.021	0.358
824.3	0.010	0.042	0.053	0.045	0.048	0.059	0.022	0.036	0.042	0.022	0.358
825.1	0.009	0.041	0.053	0.045	0.048	0.058	0.022	0.036	0.042	0.021	0.358
825.9	0.010	0.041	0.053	0.046	0.048	0.058	0.023	0.036	0.042	0.021	0.358
826.7	0.009	0.041	0.053	0.046	0.048	0.059	0.022	0.036	0.042	0.021	0.358
827.5	0.010	0.041	0.052	0.046	0.047	0.059	0.022	0.037	0.042	0.021	0.359
828.2	0.009	0.041	0.052	0.045	0.048	0.059	0.021	0.038	0.043	0.022	0.360
829.0	0.010	0.041	0.052	0.045	0.048	0.059	0.021	0.037	0.043	0.022	0.359
829.8	0.009	0.042	0.053	0.046	0.049	0.060	0.022	0.037	0.043	0.022	0.360
830.6	0.009	0.042	0.052	0.046	0.049	0.060	0.022	0.037	0.043	0.021	0.359
831.4	0.008	0.042	0.052	0.045	0.049	0.059	0.022	0.036	0.042	0.022	0.359
832.1	0.009	0.042	0.053	0.045	0.049	0.060	0.022	0.036	0.042	0.021	0.357
832.9	0.009	0.042	0.053	0.046	0.050	0.061	0.023	0.035	0.042	0.020	0.356
833.7	0.009	0.042	0.054	0.046	0.051	0.062	0.023	0.036	0.042	0.020	0.355
834.5	0.009	0.043	0.054	0.046	0.051	0.062	0.024	0.036	0.042	0.020	0.354
835.3	0.009	0.042	0.053	0.046	0.051	0.062	0.025	0.036	0.042	0.020	0.353
836.1	0.010	0.042	0.053	0.047	0.052	0.062	0.025	0.035	0.042	0.020	0.352
836.9	0.010	0.042	0.052	0.046	0.052	0.061	0.024	0.034	0.041	0.021	0.351
837.7	0.010	0.042	0.052	0.046	0.053	0.062	0.024	0.034	0.041	0.021	0.350
838.5	0.009	0.042	0.052	0.046	0.052	0.062	0.024	0.034	0.040	0.020	0.350
839.3	0.010	0.043	0.052	0.046	0.052	0.062	0.024	0.034	0.040	0.020	0.350
840.1	0.009	0.042	0.052	0.046	0.051	0.061	0.024	0.034	0.041	0.020	0.351
840.8	0.009	0.041	0.052	0.046	0.051	0.061	0.024	0.034	0.041	0.020	0.351
841.6	0.008	0.040	0.052	0.045	0.051	0.061	0.024	0.035	0.041	0.020	0.352
842.4	0.008	0.041	0.052	0.046	0.052	0.062	0.024	0.035	0.041	0.020	0.351
843.2	0.008	0.042	0.053	0.046	0.053	0.063	0.025	0.035	0.041	0.021	0.351
844.0	0.009	0.042	0.053	0.046	0.052	0.062	0.025	0.034	0.041	0.020	0.350
844.8	0.010	0.043	0.053	0.047	0.053	0.063	0.025	0.035	0.040	0.020	0.349
845.6	0.009	0.042	0.052	0.046	0.052	0.061	0.023	0.034	0.040	0.019	0.349
846.4	0.008	0.041	0.051	0.045	0.052	0.061	0.023	0.034	0.040	0.019	0.348
847.2	0.009	0.041	0.051	0.045	0.052	0.060	0.023	0.033	0.040	0.019	0.347
848.0	0.009	0.041	0.051	0.045	0.052	0.061	0.024	0.034	0.039	0.019	0.347
848.8	0.009	0.042	0.051	0.045	0.052	0.061	0.023	0.034	0.040	0.019	0.347
849.6	0.009	0.042	0.051	0.045	0.052	0.062	0.023	0.034	0.040	0.020	0.349
850.3	0.009	0.042	0.051	0.046	0.052	0.062	0.023	0.034	0.041	0.019	0.349
851.1	0.009	0.041	0.051	0.045	0.052	0.062	0.023	0.034	0.041	0.019	0.351
851.9	0.008	0.040	0.051	0.045	0.053	0.062	0.023	0.034	0.041	0.020	0.351
852.7	0.008	0.040	0.051	0.045	0.053	0.062	0.023	0.034	0.041	0.020	0.352
853.5	0.008	0.041	0.051	0.045	0.053	0.063	0.023	0.034	0.041	0.020	0.353
854.3	0.009	0.041	0.051	0.046	0.054	0.063	0.024	0.034	0.041	0.019	0.354
855.1	0.009	0.042	0.052	0.046	0.055	0.064	0.025	0.034	0.041	0.019	0.355
855.9	0.009	0.042	0.052	0.047	0.056	0.065	0.026	0.034	0.041	0.019	0.357
856.7	0.010	0.043	0.053	0.047	0.056	0.066	0.026	0.034	0.041	0.019	0.359
857.5	0.009	0.043	0.053	0.046	0.057	0.066	0.026	0.034	0.042	0.019	0.361
858.3	0.009	0.042	0.053	0.046	0.056	0.066	0.026	0.034	0.042	0.020	0.360
859.0	0.009	0.042	0.053	0.046	0.056	0.067	0.026	0.033	0.042	0.020	0.360
859.8	0.008	0.042	0.052	0.046	0.056	0.066	0.026	0.034	0.042	0.020	0.360
860.6	0.008	0.043	0.052	0.046	0.057	0.067	0.026	0.034	0.042	0.020	0.360
861.4	0.008	0.043	0.052	0.046	0.057	0.066	0.026	0.034	0.042	0.020	0.360
862.2	0.009	0.043	0.052	0.046	0.057	0.068	0.026	0.035	0.043	0.021	0.362
863.0	0.009	0.043	0.053	0.046	0.057	0.069	0.026	0.034	0.043	0.020	0.362
863.8	0.009	0.043	0.054	0.047	0.058	0.069	0.027	0.034	0.043	0.020	0.362
864.6	0.008	0.042	0.053	0.047	0.058	0.068	0.027	0.034	0.042	0.020	0.362
865.4	0.008	0.042	0.053	0.047	0.057	0.067	0.026	0.034	0.042	0.020	0.360
866.2	0.008	0.042	0.052	0.046	0.056	0.067	0.026	0.034	0.042	0.020	0.359
867.0	0.008	0.043	0.052	0.045	0.056	0.067	0.026	0.033	0.042	0.019	0.357
867.7	0.008	0.042	0.052	0.044	0.055	0.066	0.026	0.034	0.041	0.019	0.356
868.5	0.008	0.043	0.052	0.044	0.055	0.066	0.026	0.034	0.041	0.019	0.354
869.3	0.009	0.042	0.051	0.045	0.055	0.067	0.025	0.034	0.040	0.019	0.353
870.1	0.010	0.043	0.051	0.046	0.055	0.066	0.025	0.034	0.041	0.020	0.353
870.9	0.009	0.043	0.051	0.046	0.055	0.066	0.026	0.033	0.041	0.020	0.353
871.7	0.009	0.043	0.051	0.045	0.055	0.065	0.025	0.033	0.042	0.020	0.354
872.5	0.008	0.042	0.050	0.044	0.053	0.065	0.025	0.033	0.042	0.020	0.353
873.3	0.008	0.042	0.050	0.043	0.053	0.064	0.024	0.033	0.042	0.020	0.353
874.1	0.008	0.042	0.050	0.043	0.053	0.063	0.024	0.033	0.042	0.021	0.352
874.9	0.008	0.042	0.051	0.044	0.053	0.063	0.024	0.034	0.042	0.021	0.351
875.7	0.007	0.043	0.052	0.044	0.053	0.063	0.024	0.033	0.041	0.021	0.350
876.5	0.007	0.042	0.051	0.044	0.052	0.063	0.023	0.033	0.041	0.020	0.349
877.2	0.008	0.041	0.050	0.043	0.053	0.063	0.023	0.033	0.042	0.020	0.349
878.0	0.009	0.041	0.050	0.043	0.052	0.063	0.023	0.034	0.043	0.021	0.349
878.8	0.008	0.041	0.049	0.041	0.052	0.061	0.022	0.033	0.043	0.022	0.349
879.6	0.008	0.041	0.049	0.040	0.051	0.062	0.022	0.033	0.042	0.022	0.348
880.4	0.007	0.042	0.048	0.040	0.051	0.061	0.021	0.033	0.041	0.022	0.348
881.2	0.008	0.042	0.048	0.041	0.050	0.061	0.021	0.033	0.041	0.022	0.348
882.0	0.008	0.042	0.048	0.041	0.049	0.060	0.020	0.032	0.042	0.021	0.347
882.8	0.008	0.041	0.048	0.040	0.048	0.059	0.020	0.032	0.042	0.021	0.348
883.6	0.008	0.041	0.048	0.040	0.048	0.059	0.019	0.030	0.041	0.020	0.347
884.4	0.009	0.041	0.047	0.039	0.048	0.058	0.019	0.030	0.041	0.021	0.347
885.2	0.008	0.040	0.046	0.038	0.046	0.057	0.017	0.030	0.041	0.022	0.347
885.9	0.007	0.040	0.046	0.037	0.045	0.057	0.017	0.032	0.042	0.023	0.348
886.7	0.007	0.040	0.046	0.037	0.045	0.057	0.016	0.033	0.041	0.022	0.348
887.5	0.006	0.040	0.046	0.037	0.046	0.058	0.016	0.033	0.041	0.021	0.349
888.3	0.006	0.039	0.045	0.036	0.045	0.057	0.015	0.032	0.041	0.021	0.348
889.1	0.006	0.039	0.045	0.035	0.044	0.055	0.015	0.032	0.042	0.022	0.350
889.9	0.006	0.039	0.045	0.035	0.043	0.055	0.014	0.032	0.042	0.022	0.351
890.7	0.006	0.038	0.045	0.035	0.043	0.054	0.014	0.033	0.042	0.022	0.352
891.5	0.005	0.038	0.045	0.034	0.042	0.054	0.013	0.033	0.043	0.022	0.352
892.3	0.005	0.038	0.044	0.033	0.042	0.054	0.014	0.033	0.043	0.022	0.353
893.1	0.005	0.039	0.043	0.033	0.042	0.054	0.013	0.033	0.043	0.022	0.353
893.9	0.005	0.038	0.044	0.033	0.042	0.054	0.013	0.034	0.043	0.022	0.356
894.7	0.006	0.038	0.044	0.033	0.042	0.055	0.013	0.033	0.043	0.022	0.356
895.4	0.006	0.038	0.044	0.033	0.043	0.055	0.014	0.032	0.043	0.022	0.357
896.2	0.007	0.040	0.045	0.033	0.043	0.056	0.014	0.032	0.043	0.022	0.359
897.0	0.007	0.039	0.045	0.033	0.043	0.056	0.012	0.032	0.042	0.020	0.359
897.8	0.007	0.040	0.045	0.033	0.044	0.057	0.012	0.033	0.043	0.020	0.360
898.6	0.007	0.040	0.046	0.032	0.044	0.056	0.013	0.033	0.043	0.020	0.360
899.4	0.006	0.040	0.045	0.031	0.044	0.056	0.013	0.034	0.044	0.022	0.360
